Function=divergence, Time=0.19527745246887207

Function=ProfitFlagFinder, Time=18.12078309059143

       low_front  low_back  high_front  high_back   div  diff_extereme  \
index                                                                    
1283     1813.31   1812.17     1813.31    1812.17  True              5   
2532     1829.47   1826.53     1829.47    1826.53  True              6   
14727    1839.02   1838.84     1839.02    1838.84  True              5   
16650    1774.78   1772.66     1774.78    1772.66  True              5   
32145    1817.67   1817.54     1817.67    1817.54  True              4   
40448    1774.59   1774.26     1774.59    1774.26  True              5   
43678    1795.24   1791.33     1795.24    1791.33  True              6   
50183    1741.02   1739.65     1741.02    1739.65  True              2   
51886    1790.70   1789.18     1790.70    1789.18  True              5   
57929    1752.26   1750.80     1752.26    1750.80  True              6   
63120    1792.14   1791.71     1792.14    1791.71  True              6   
63832    1774.87   1762.95     1774.87    1762.95  True              4   
64506    1783.15   1782.23     1783.15    1782.23  True              6   
66444    1791.59   1791.09     1791.59    1791.09  True              3   
67473    1791.82   1791.41     1791.82    1791.41  True              6   
71843    1793.30   1792.96     1793.30    1792.96  True              4   
72003    1784.88   1783.00     1784.88    1783.00  True              1   
72355    1773.22   1771.51     1773.22    1771.51  True              6   
72835    1795.59   1782.89     1795.59    1782.89  True              5   
73197    1783.00   1782.14     1783.00    1782.14  True              3   
73642    1789.10   1788.13     1789.10    1788.13  True              4   
74531    1782.44   1781.45     1782.44    1781.45  True              4   
75017    1771.13   1768.67     1771.13    1768.67  True              6   
75545    1815.49   1815.06     1815.49    1815.06  True              5   
75627    1797.68   1795.59     1797.68    1795.59  True              6   
75799    1817.64   1815.24     1817.64    1815.24  True              5   
79657    1795.23   1789.09     1795.23    1789.09  True              6   
83722    1786.88   1785.77     1786.88    1785.77  True              3   
85089    1804.47   1799.07     1804.47    1799.07  True              6   
85115    1807.48   1806.04     1807.48    1806.04  True              6   
85158    1809.21   1807.48     1809.21    1807.48  True              1   
85230    1809.37   1809.21     1809.37    1809.21  True              4   
85323    1812.01   1810.74     1812.01    1810.74  True              6   
85479    1821.79   1820.35     1821.79    1820.35  True              3   
85559    1817.68   1816.58     1817.68    1816.58  True              6   
85747    1827.62   1824.87     1827.62    1824.87  True              4   
85835    1831.96   1828.13     1831.96    1828.13  True              1   
85880    1831.96   1828.13     1831.96    1828.13  True              6   
85988    1833.89   1833.30     1833.89    1833.30  True              4   
86186    1826.40   1825.41     1826.40    1825.41  True              6   
86425    1828.05   1825.67     1828.05    1825.67  True              1   
86460    1857.45   1840.05     1857.45    1840.05  True              2   
86577    1935.20   1933.30     1935.20    1933.30  True              5   
86772    1870.36   1870.34     1870.36    1870.34  True              6   
86836    1870.36   1870.34     1870.36    1870.34  True              1   
86951    1928.26   1927.31     1928.26    1927.31  True              5   
87349    1869.59   1869.33     1869.59    1869.33  True              1   
87478    1883.19   1875.42     1883.19    1875.42  True              6   
87527    1899.01   1895.16     1899.01    1895.16  True              2   
87644    1984.43   1977.67     1984.43    1977.67  True              5   
87687    2004.90   1985.19     2004.90    1985.19  True              5   
87849    1893.94   1893.34     1893.94    1893.34  True              6   
87903    1895.52   1893.94     1895.52    1893.94  True              6   
88966    1913.06   1909.65     1913.06    1909.65  True              6   
89025    1913.06   1909.65     1913.06    1909.65  True              1   
89838    1935.20   1933.30     1935.20    1933.30  True              6   
92795    1926.54   1904.10     1926.54    1904.10  True              4   
95194    1923.86   1917.09     1923.86    1917.09  True              4   
95870    1934.59   1932.58     1934.59    1932.58  True              4   
96072    1922.22   1919.45     1922.22    1919.45  True              6   
96349    1977.24   1976.80     1977.24    1976.80  True              5   
96605    1922.06   1921.29     1922.06    1921.29  True              3   
96896    1923.05   1917.56     1923.05    1917.56  True              3   
96951    1926.55   1925.85     1926.55    1925.85  True              3   
97089    1926.55   1925.85     1926.55    1925.85  True              2   
97117    1932.78   1926.55     1932.78    1926.55  True              3   
97193    1941.99   1937.92     1941.99    1937.92  True              5   
97271    1932.93   1932.12     1932.93    1932.12  True              2   
97316    1932.12   1930.79     1932.12    1930.79  True              6   
97387    1940.76   1932.93     1940.76    1932.93  True              2   
97441    1942.12   1940.76     1942.12    1940.76  True              4   
97463    1943.79   1942.12     1943.79    1942.12  True              4   
97569    1941.46   1939.77     1941.46    1939.77  True              6   
97712    1956.96   1956.37     1956.96    1956.37  True              6   
97770    1956.96   1956.37     1956.96    1956.37  True              3   
99617    1951.06   1946.36     1951.06    1946.36  True              1   
99708    1952.06   1948.31     1952.06    1948.31  True              4   

             signal  index   high_upper     high_mid   high_lower  \
index                                                               
1283   buy_secondry   1283  1828.533944  1826.718391  1824.902837   
2532   buy_secondry   2532  1820.305218  1819.613092  1818.920966   
14727  buy_secondry  14727  1819.332334  1817.342621  1815.352907   
16650  buy_secondry  16650  1820.616140  1819.912001  1819.207862   
32145  buy_secondry  32145  1820.038842  1819.896600  1819.754358   
40448  buy_secondry  40448  1804.838112  1801.614288  1798.390464   
43678  buy_secondry  43678  1800.461119  1799.557829  1798.654538   
50183  buy_secondry  50183  1790.994471  1788.030682  1785.066892   
51886  buy_secondry  51886  1788.938495  1788.496692  1788.054889   
57929  buy_secondry  57929  1791.990592  1789.930506  1787.870420   
63120  buy_secondry  63120  1793.568630  1793.422903  1793.277177   
63832  buy_secondry  63832  1785.160542  1783.518640  1781.876738   
64506  buy_secondry  64506  1784.744411  1784.566241  1784.388070   
66444  buy_secondry  66444  1796.999848  1796.163269  1795.326689   
67473  buy_secondry  67473  1793.986518  1793.710811  1793.435104   
71843  buy_secondry  71843  1798.159830  1797.361624  1796.563418   
72003  buy_secondry  72003  1796.387434  1795.641424  1794.895414   
72355  buy_secondry  72355  1791.428869  1790.537816  1789.646763   
72835  buy_secondry  72835  1782.528018  1781.691074  1780.854130   
73197  buy_secondry  73197  1783.544515  1783.426842  1783.309169   
73642  buy_secondry  73642  1781.715691  1781.414972  1781.114254   
74531  buy_secondry  74531  1784.522603  1784.356438  1784.190274   
75017  buy_secondry  75017  1785.081309  1784.561366  1784.041423   
75545  buy_secondry  75545  1785.077639  1784.925173  1784.772707   
75627  buy_secondry  75627  1797.366966  1797.275192  1797.183419   
75799  buy_secondry  75799  1808.066406  1807.940690  1807.814974   
79657  buy_secondry  79657  1802.433588  1800.932682  1799.431776   
83722  buy_secondry  83722  1812.540329  1810.458965  1808.377600   
85089  buy_secondry  85089  1806.824882  1806.506654  1806.188425   
85115  buy_secondry  85115  1807.528650  1807.262482  1806.996313   
85158  buy_secondry  85158  1808.306290  1808.070749  1807.835209   
85230  buy_secondry  85230  1811.613505  1811.436809  1811.260113   
85323  buy_secondry  85323  1811.829729  1811.689317  1811.548905   
85479  buy_secondry  85479  1821.404773  1821.316901  1821.229030   
85559  buy_secondry  85559  1820.982924  1820.800867  1820.618810   
85747  buy_secondry  85747  1826.842418  1826.731861  1826.621304   
85835  buy_secondry  85835  1827.604490  1827.535308  1827.466127   
85880  buy_secondry  85880  1827.240967  1827.143572  1827.046178   
85988  buy_secondry  85988  1834.078807  1833.958431  1833.838056   
86186  buy_secondry  86186  1830.551347  1830.156842  1829.762338   
86425  buy_secondry  86425  1831.718968  1831.253694  1830.788421   
86460  buy_secondry  86460  1833.532250  1833.209257  1832.886265   
86577  buy_secondry  86577  1861.023197  1860.820952  1860.618708   
86772  buy_secondry  86772  1864.414980  1864.086438  1863.757897   
86836  buy_secondry  86836  1871.906134  1871.792444  1871.678754   
86951  buy_secondry  86951  1867.434879  1866.497992  1865.561105   
87349  buy_secondry  87349  1874.355508  1873.936032  1873.516556   
87478  buy_secondry  87478  1877.204547  1877.024598  1876.844649   
87527  buy_secondry  87527  1887.545572  1887.249773  1886.953974   
87644  buy_secondry  87644  1899.063116  1898.958008  1898.852901   
87687  buy_secondry  87687  1897.537172  1897.179891  1896.822610   
87849  buy_secondry  87849  1896.271452  1895.887953  1895.504454   
87903  buy_secondry  87903  1897.537977  1897.296180  1897.054383   
88966  buy_secondry  88966  1918.468761  1915.731450  1912.994139   
89025  buy_secondry  89025  1934.547494  1932.059692  1929.571889   
89838  buy_secondry  89838  1940.751323  1940.258222  1939.765122   
92795  buy_secondry  92795  1931.302667  1929.450352  1927.598037   
95194  buy_secondry  95194  1939.115662  1937.257329  1935.398995   
95870  buy_secondry  95870  1938.137792  1937.617415  1937.097038   
96072  buy_secondry  96072  1933.914493  1933.208313  1932.502133   
96349  buy_secondry  96349  1936.131693  1935.564008  1934.996322   
96605  buy_secondry  96605  1930.082325  1929.639852  1929.197379   
96896  buy_secondry  96896  1928.438398  1927.883745  1927.329093   
96951  buy_secondry  96951  1928.448755  1927.942188  1927.435620   
97089  buy_secondry  97089  1927.822537  1927.370731  1926.918926   
97117  buy_secondry  97117  1930.914484  1930.480622  1930.046760   
97193  buy_secondry  97193  1933.172111  1932.899211  1932.626310   
97271  buy_secondry  97271  1932.659726  1932.404567  1932.149409   
97316  buy_secondry  97316  1932.941317  1932.723926  1932.506534   
97387  buy_secondry  97387  1935.348556  1935.216522  1935.084487   
97441  buy_secondry  97441  1944.016838  1943.763696  1943.510553   
97463  buy_secondry  97463  1943.788755  1943.576419  1943.364084   
97569  buy_secondry  97569  1944.435583  1944.199528  1943.963473   
97712  buy_secondry  97712  1950.510871  1949.673467  1948.836064   
97770  buy_secondry  97770  1957.542255  1956.998756  1956.455256   
99617  buy_secondry  99617  1951.719288  1950.948850  1950.178412   
99708  buy_secondry  99708  1952.813667  1952.557911  1952.302155   

       power_high_upper  power_high_mid  power_high_lower    low_upper  \
index                                                                    
1283           0.324841        0.414013          0.414013  1806.506445   
2532           0.200000        0.200000          0.200000  1796.311028   
14727          0.465241        0.331551          0.331551  1793.086217   
16650          0.819095        0.819095          0.874372  1793.409375   
32145          0.500000        0.500000          0.500000  1794.853071   
40448          0.618852        0.450820          0.450820  1771.032611   
43678          0.328244        0.328244          0.328244  1788.021012   
50183          1.000000        0.051383          0.051383  1732.212897   
51886          1.000000        1.000000          1.000000  1775.384839   
57929          0.785408        0.785408          0.218884  1752.147071   
63120          0.473684        0.473684          0.684211  1762.848434   
63832          0.276243        0.276243          0.276243  1761.367892   
64506          0.500000        1.000000          1.000000  1773.458240   
66444          0.955696        0.955696          0.405063  1776.938003   
67473          0.230769        0.230769          1.000000  1779.807397   
71843          0.422535        0.422535          0.422535  1789.270874   
72003          0.453571        0.453571          1.000000  1785.084582   
72355          0.935961        0.935961          1.000000  1771.358409   
72835          1.000000        1.000000          1.000000  1766.483604   
73197          0.357143        0.357143          1.000000  1774.337090   
73642          0.993421        1.000000          1.000000  1771.261293   
74531          0.974026        0.974026          0.974026  1776.562789   
75017          0.977273        0.977273          0.513636  1766.998671   
75545          1.000000        1.000000          1.000000  1773.617938   
75627          1.000000        1.000000          1.000000  1776.855864   
75799          1.000000        1.000000          1.000000  1785.967769   
79657          0.219436        0.219436          0.219436  1788.341802   
83722          1.000000        1.000000          1.000000  1783.712145   
85089          1.000000        1.000000          1.000000  1799.189343   
85115          1.000000        1.000000          1.000000  1802.809011   
85158          0.541436        0.541436          0.541436  1804.334922   
85230          0.609756        0.609756          0.609756  1805.455629   
85323          0.849057        0.849057          0.849057  1806.193617   
85479          0.692308        1.000000          1.000000  1810.251651   
85559          1.000000        1.000000          1.000000  1809.734697   
85747          0.812500        0.812500          0.812500  1816.277801   
85835          0.916667        0.916667          0.916667  1820.425771   
85880          1.000000        1.000000          1.000000  1819.962215   
85988          0.733333        0.733333          0.733333  1824.358452   
86186          0.240964        0.240964          0.240964  1825.640992   
86425          0.782857        0.782857          0.302857  1824.883972   
86460          0.911765        1.000000          1.000000  1826.305099   
86577          0.789474        0.842105          0.842105  1833.214286   
86772          0.388889        0.388889          0.388889  1841.897859   
86836          0.450000        0.450000          0.450000  1846.368251   
86951          0.289720        0.289720          0.289720  1842.973646   
87349          0.547170        0.547170          0.547170  1857.999632   
87478          0.333333        0.333333          0.333333  1859.934945   
87527          1.000000        1.000000          1.000000  1860.646101   
87644          1.000000        1.000000          1.000000  1869.951878   
87687          0.959184        0.959184          0.959184  1867.324260   
87849          0.819444        0.819444          0.819444  1880.064056   
87903          0.869565        0.869565          0.869565  1883.272114   
88966          0.272727        0.744589          0.744589  1882.901193   
89025          0.715596        0.568807          0.568807  1900.596161   
89838          0.857143        0.857143          0.857143  1909.061673   
92795          0.620112        0.620112          0.620112  1900.715687   
95194          0.769231        0.769231          0.769231  1892.581775   
95870          0.857143        0.857143          0.857143  1925.716188   
96072          1.000000        1.000000          1.000000  1919.092638   
96349          1.000000        1.000000          1.000000  1924.556859   
96605          1.000000        0.987879          0.987879  1921.093775   
96896          1.000000        1.000000          1.000000  1919.373040   
96951          0.973856        0.973856          0.568627  1921.285101   
97089          0.950820        1.000000          1.000000  1923.134460   
97117          0.694118        0.694118          0.694118  1923.962311   
97193          0.866667        0.866667          0.866667  1923.843738   
97271          0.932203        0.932203          1.000000  1923.694251   
97316          0.881356        0.881356          0.847458  1925.322263   
97387          0.636364        0.636364          0.772727  1928.048286   
97441          0.266667        0.266667          1.000000  1928.720408   
97463          0.250000        1.000000          1.000000  1929.604148   
97569          1.000000        1.000000          0.909091  1930.300416   
97712          0.495726        0.495726          0.495726  1935.650999   
97770          1.000000        1.000000          1.000000  1939.918672   
99617          0.751055        0.751055          0.751055  1939.106100   
99708          0.858407        0.858407          0.858407  1945.560868   

          lowe_mid    low_lower  power_low_upper  power_low_mid  \
index                                                             
1283   1806.176609  1805.846772         0.972222       0.972222   
2532   1794.243137  1792.175246         0.553459       0.553459   
14727  1792.712902  1792.339588         0.625000       0.625000   
16650  1793.104815  1792.800255         1.000000       1.000000   
32145  1793.050174  1791.247278         0.664671       0.664671   
40448  1770.863774  1770.694936         0.529412       1.000000   
43678  1787.595530  1787.170047         0.619048       0.619048   
50183  1730.271510  1728.330122         1.000000       1.000000   
51886  1774.717834  1774.050829         0.910000       0.910000   
57929  1751.919048  1751.691025         0.500000       0.500000   
63120  1761.776647  1760.704860         1.000000       1.000000   
63832  1761.299444  1761.230996         1.000000       1.000000   
64506  1772.795621  1772.133001         0.876923       0.876923   
66444  1776.705763  1776.473523         0.391304       0.391304   
67473  1778.804504  1777.801612         1.000000       1.000000   
71843  1788.840489  1788.410105         0.660000       0.446667   
72003  1784.842105  1784.599628         1.000000       1.000000   
72355  1771.257368  1771.156327         1.000000       1.000000   
72835  1766.279091  1766.074578         0.250000       0.250000   
73197  1773.647985  1772.958879         0.629630       0.629630   
73642  1770.976461  1770.691629         0.766667       0.766667   
74531  1776.143793  1775.724797         1.000000       1.000000   
75017  1766.942857  1766.887043         0.500000       0.500000   
75545  1772.875078  1772.132219         1.000000       1.000000   
75627  1775.814707  1774.773551         0.485437       0.485437   
75799  1784.310286  1782.652803         0.698113       0.698113   
79657  1788.224298  1788.106793         0.772727       0.772727   
83722  1783.510000  1783.307855         0.272727       0.272727   
85089  1798.744237  1798.299132         0.157895       0.157895   
85115  1802.449210  1802.089408         1.000000       1.000000   
85158  1803.981124  1803.627327         0.453271       0.453271   
85230  1805.098554  1804.741479         1.000000       1.000000   
85323  1805.766217  1805.338817         1.000000       1.000000   
85479  1809.656526  1809.061401         0.701754       0.701754   
85559  1809.278002  1808.821306         0.986486       0.986486   
85747  1815.648455  1815.019110         0.629921       0.629921   
85835  1819.716109  1819.006446         0.830601       0.830601   
85880  1819.383406  1818.804597         1.000000       0.634615   
85988  1823.863970  1823.369487         1.000000       1.000000   
86186  1825.259677  1824.878362         0.593103       0.593103   
86425  1824.731962  1824.579953         0.563380       0.563380   
86460  1826.075091  1825.845084         1.000000       1.000000   
86577  1832.208826  1831.203367         0.673171       0.726829   
86772  1840.133445  1838.369030         0.376289       0.376289   
86836  1844.333333  1842.298416         0.657407       0.263889   
86951  1841.324169  1839.674693         0.336957       0.336957   
87349  1857.138158  1856.276685         0.951389       0.951389   
87478  1858.886131  1857.837318         0.197861       0.197861   
87527  1859.530474  1858.414847         0.284360       0.284360   
87644  1868.081863  1866.211848         0.566667       0.566667   
87687  1865.804238  1864.284216         0.642857       0.642857   
87849  1878.523238  1876.982420         0.388571       0.325714   
87903  1881.981767  1880.691421         0.488000       0.488000   
88966  1882.583750  1882.266307         1.000000       1.000000   
89025  1899.840096  1899.084032         1.000000       1.000000   
89838  1907.927789  1906.793904         0.596330       0.596330   
92795  1900.321429  1899.927170         0.500000       0.500000   
95194  1892.302222  1892.022670         0.250000       0.250000   
95870  1925.099074  1924.481960         1.000000       1.000000   
96072  1919.016667  1918.940696         1.000000       1.000000   
96349  1924.105679  1923.654498         1.000000       1.000000   
96605  1920.811239  1920.528703         0.518519       0.518519   
96896  1919.224750  1919.076460         0.540541       0.540541   
96951  1921.065626  1920.846150         1.000000       1.000000   
97089  1922.828944  1922.523428         0.971831       0.971831   
97117  1923.576174  1923.190037         1.000000       1.000000   
97193  1923.464274  1923.084809         0.782383       0.782383   
97271  1923.328521  1922.962790         1.000000       1.000000   
97316  1924.869901  1924.417538         1.000000       1.000000   
97387  1927.517380  1926.986474         0.677019       0.677019   
97441  1928.153743  1927.587078         1.000000       1.000000   
97463  1928.934062  1928.263976         1.000000       1.000000   
97569  1929.729602  1929.158788         1.000000       1.000000   
97712  1934.992438  1934.333877         0.792308       0.792308   
97770  1939.012783  1938.106895         1.000000       1.000000   
99617  1938.976176  1938.846253         0.500000       0.500000   
99708  1945.135968  1944.711068         0.744681       0.744681   

       power_low_lower flag     tp_pr     st_pr  index_tp  index_st  \
index                                                                 
1283          0.972222   st -0.022317  0.228737    2480.0    1303.0   
2532          0.553459   tp  0.264856  0.000000    2536.0   14466.0   
14727         0.625000   tp  1.348311  0.038415   14978.0   16609.0   
16650         1.000000   st  0.139095  0.511704   32099.0   16700.0   
32145         0.664671   tp  0.075461  0.003301   32148.0   40102.0   
40448         1.000000   st -0.039984  0.007342   43548.0   40449.0   
43678         0.619048   tp  0.456231  0.000000   43767.0   49930.0   
50183         1.000000   st  0.380824  0.763372   51763.0   50232.0   
51886         0.910000   tp  0.379111  0.000000   51988.0   57815.0   
57929         0.500000   st  0.770835  0.083297   63058.0   58107.0   
63120         1.000000   tp  0.024149  0.016744   63142.0   63827.0   
63832         1.000000   st -0.020131  0.025545   64404.0   63834.0   
64506         0.876923   tp  0.090103  0.066209   64547.0   66337.0   
66444         0.391304   st  0.848245  0.268026   67435.0   67145.0   
67473         0.723270   tp  0.075475  0.085966   67554.0   71817.0   
71843         0.446667   tp  0.241953  0.083689   71934.0   71991.0   
72003         1.000000   st -0.002549  0.131533   72215.0   72023.0   
72355         1.000000   tp  1.188931  0.000000   72447.0   72751.0   
72835         0.250000   st  0.149269  0.131829   73145.0   72840.0   
73197         0.629630   tp  0.032898  0.000000   73198.0   73636.0   
73642         0.766667   tp  0.103830  0.000000   73655.0   74393.0   
74531         1.000000   tp  0.106986  0.000000   74583.0   75006.0   
75017         0.500000   st  0.364724  0.115906   75474.0   75204.0   
75545         1.000000   tp  0.059756  0.000000   75546.0      -1.0   
75627         1.000000   tp  0.045710  0.004455   75630.0      -1.0   
75799         0.698113   tp  0.001480  0.000000   75800.0   79629.0   
79657         0.772727   tp  0.563616  0.000000   80007.0   83676.0   
83722         0.272727   st  0.323727  0.153558   85037.0   83732.0   
85089         0.157895   tp  0.196226  0.027236   85093.0      -1.0   
85115         1.000000   tp  0.054661  0.000000   85118.0      -1.0   
85158         0.453271   tp  0.041887  0.000000   85179.0      -1.0   
85230         1.000000   tp  0.072149  0.033164   85284.0      -1.0   
85323         1.000000   tp -0.011845  0.000000   85324.0      -1.0   
85479         0.701754   tp  0.009970  0.000000   85481.0      -1.0   
85559         0.986486   tp  0.259227  0.000000   85627.0      -1.0   
85747         0.629921   tp  0.083241  0.000000   85762.0      -1.0   
85835         0.573770   tp  0.002694  0.014236   85843.0      -1.0   
85880         0.634615   tp  0.014195  0.000000   85882.0      -1.0   
85988         0.905660   tp  0.034730  0.032752   86025.0   86174.0   
86186         0.593103   tp  0.098875  0.000000   86187.0   86290.0   
86425         0.563380   tp  0.262127  0.010407   86443.0      -1.0   
86460         0.807692   tp  0.197539  0.000000   86469.0      -1.0   
86577         0.726829   tp  0.139595  0.367170   86725.0      -1.0   
86772         0.376289   tp  0.038888  0.000000   86775.0      -1.0   
86836         0.263889   tp -0.019154  0.000000   86838.0      -1.0   
86951         0.336957   tp  0.506816  0.593968   87315.0      -1.0   
87349         0.951389   tp  0.185002  0.113945   87429.0      -1.0   
87478         1.000000   tp  0.036733  0.015463   87482.0      -1.0   
87527         0.284360   tp  0.136055  0.000000   87538.0      -1.0   
87644         0.566667   tp  0.014254  0.000000   87645.0      -1.0   
87687         0.236264   tp  0.289748  0.222682   87815.0      -1.0   
87849         0.325714   tp  0.033863  0.000000   87850.0      -1.0   
87903         0.488000   tp  0.126187  0.000000   87911.0   88958.0   
88966         1.000000   tp  1.690838  0.000000   89010.0      -1.0   
89025         1.000000   st  0.437861  0.890739   89747.0   89137.0   
89838         1.000000   tp  0.266342  0.082243   89905.0   92742.0   
92795         0.500000   tp  1.235680  0.000000   92863.0   95185.0   
95194         0.250000   tp  2.254004  0.000000   95747.0      -1.0   
95870         1.000000   tp  0.166195  0.000000   95879.0   95998.0   
96072         1.000000   st  0.259230  0.028654   96283.0   96163.0   
96349         1.000000   tp  0.328880  0.244723   96564.0   96598.0   
96605         0.444444   st  0.069159  0.053610   96791.0   96627.0   
96896         0.540541   st -0.039984  0.078628   96897.0   96897.0   
96951         0.582278   st  0.146061  0.114922   97073.0   96984.0   
97089         0.971831   tp  0.016027  0.000000   97090.0      -1.0   
97117         1.000000   tp  0.056861  0.000000   97119.0      -1.0   
97193         0.782383   tp  0.043841  0.017097   97226.0      -1.0   
97271         1.000000   tp  0.119563  0.074137   97301.0      -1.0   
97316         1.000000   tp  0.046966  0.008810   97326.0      -1.0   
97387         0.677019   tp  0.062851  0.000000   97388.0      -1.0   
97441         0.823171   tp  0.096458  0.000000   97456.0      -1.0   
97463         1.000000   tp  0.024329  0.000000   97464.0      -1.0   
97569         1.000000   tp  0.036669  0.000000   97571.0      -1.0   
97712         0.792308   tp  0.280676  0.000000   97731.0      -1.0   
97770         1.000000   tp  0.190314  0.136254   97810.0   99561.0   
99617         0.500000   tp  0.547092  0.019595   99646.0      -1.0   
99708         0.744681   tp  0.072732  0.000000   99710.0      -1.0   

            money                time  
index                                  
1283    95.425263 2020-11-25 19:15:00  
2532   100.722383 2020-12-02 16:40:00  
14727  127.688602 2021-02-05 15:25:00  
16650  117.454521 2021-02-16 19:45:00  
32145  118.963742 2021-05-07 09:55:00  
40448  118.816908 2021-06-18 20:45:00  
43678  127.941529 2021-07-06 19:50:00  
50183  112.674090 2021-08-09 13:55:00  
51886  120.256307 2021-08-17 18:50:00  
57929  118.590373 2021-09-17 01:10:00  
63120  119.073347 2021-10-13 22:45:00  
63832  118.562456 2021-10-18 13:35:00  
64506  120.364514 2021-10-21 01:15:00  
66444  115.004000 2021-11-01 01:55:00  
67473  116.513510 2021-11-04 19:10:00  
71843  121.352568 2021-11-29 03:15:00  
72003  118.721902 2021-11-29 16:35:00  
72355  142.500520 2021-11-30 23:05:00  
72835  139.863938 2021-12-02 17:25:00  
73197  140.521908 2021-12-06 01:55:00  
73642  142.598500 2021-12-07 16:10:00  
74531  144.738227 2021-12-10 21:45:00  
75017  142.420101 2021-12-14 16:35:00  
75545  143.615228 2021-12-16 14:55:00  
75627  144.529421 2021-12-16 21:45:00  
75799  144.559028 2021-12-17 13:15:00  
79657  155.831355 2022-01-07 18:00:00  
83722  152.760192 2022-01-28 16:40:00  
85089  156.684709 2022-02-04 16:25:00  
85115  157.777928 2022-02-04 18:35:00  
85158  158.615676 2022-02-04 22:10:00  
85230  160.058664 2022-02-07 05:20:00  
85323  159.821772 2022-02-07 13:05:00  
85479  160.021176 2022-02-08 03:15:00  
85559  165.205709 2022-02-08 09:55:00  
85747  166.870526 2022-02-09 02:45:00  
85835  166.924410 2022-02-09 10:05:00  
85880  167.208314 2022-02-09 13:50:00  
85988  167.902918 2022-02-09 22:50:00  
86186  169.880421 2022-02-10 16:30:00  
86425  175.122969 2022-02-11 13:35:00  
86460  179.073747 2022-02-11 16:30:00  
86577  181.865651 2022-02-14 03:25:00  
86772  182.643406 2022-02-14 19:40:00  
86836  182.260328 2022-02-15 02:10:00  
86951  192.396651 2022-02-15 11:45:00  
87349  196.096689 2022-02-16 22:05:00  
87478  196.831339 2022-02-17 10:00:00  
87527  199.552442 2022-02-17 14:05:00  
87644  199.837516 2022-02-17 23:50:00  
87687  205.632473 2022-02-18 04:35:00  
87849  206.986998 2022-02-18 18:05:00  
87903  212.034477 2022-02-18 22:35:00  
88966  279.668009 2022-02-24 22:15:00  
89025  244.038443 2022-02-25 04:20:00  
89838  254.692136 2022-03-02 03:35:00  
92795  304.119341 2022-03-16 20:40:00  
95194  439.359585 2022-03-29 16:05:00  
95870  452.655166 2022-04-01 03:55:00  
96072  450.362843 2022-04-01 20:45:00  
96349  476.673226 2022-04-04 21:00:00  
96605  472.384441 2022-04-05 19:30:00  
96896  466.094215 2022-04-06 20:55:00  
96951  456.900487 2022-04-07 02:40:00  
97089  458.182627 2022-04-07 14:10:00  
97117  462.731540 2022-04-07 16:30:00  
97193  466.238802 2022-04-07 22:50:00  
97271  475.803867 2022-04-08 06:30:00  
97316  479.561155 2022-04-08 10:15:00  
97387  484.589213 2022-04-08 16:10:00  
97441  492.305856 2022-04-08 20:40:00  
97463  494.252156 2022-04-08 22:30:00  
97569  497.185667 2022-04-11 08:30:00  
97712  519.639725 2022-04-11 20:25:00  
97770  538.671109 2022-04-12 02:25:00  
99617  593.380325 2022-04-21 19:20:00  
99708  600.653511 2022-04-22 04:05:00  
[Finished in 24.1s]